28 28

0 0 0 0 0 0 0 0 0 0 0 0 0 0 0 0 0 0 0 0 0 0 0 0 0 0 0 0 
0 0 0 0 0 0 0 0 0 0 0 0 0 0 0 0 0 0 0 0 0 0 0 0 0 0 0 0 
0 0 0 0 0 0 0 0 0 0 0 0 0 0 0 0 0 1 1 1 1 0 0 0 0 0 0 0 
0 0 0 1 1 1 1 0 0 0 0 0 0 0 0 0 4 1 2 2 1 0 0 0 0 0 0 0 
0 0 0 1 2 2 1 0 0 0 0 0 0 0 0 0 4 1 2 2 1 0 0 0 0 0 0 0 
0 0 0 1 2 2 1 0 0 0 0 0 0 0 0 0 4 1 1 2 1 0 0 1 1 1 1 0 
0 0 0 1 1 2 1 0 0 0 0 0 0 4 0 1 5 1 1 5 1 1 1 1 2 2 1 0 
0 0 0 0 0 5 0 0 0 0 0 0 0 4 0 1 2 2 2 2 2 2 5 2 2 2 1 0 
0 0 0 0 0 4 0 0 0 0 0 0 0 4 0 1 2 2 2 2 2 2 1 1 1 1 1 0 
0 0 0 0 0 4 0 0 0 0 0 0 0 4 0 1 2 2 2 6 2 2 1 0 0 0 0 0 
0 0 0 0 0 4 0 0 4 0 0 0 0 4 0 1 2 2 2 2 2 2 1 0 0 0 0 0 
0 0 0 0 0 4 0 0 4 0 0 0 0 4 0 1 1 1 1 2 1 1 1 0 0 0 0 0 
0 0 0 0 0 4 0 1 5 1 1 1 1 5 1 1 1 1 1 5 1 1 1 1 1 1 1 0 
0 0 0 1 1 5 1 1 2 2 2 2 2 2 1 1 2 2 2 2 2 1 1 2 2 2 1 0 
0 0 0 1 2 2 1 1 2 2 2 2 2 2 1 1 2 2 2 2 2 5 2 2 2 2 1 0 
0 0 0 1 2 2 2 5 2 2 2 2 2 2 5 2 2 7 2 2 2 1 1 2 2 2 1 0 
0 0 0 1 1 1 1 1 1 1 1 5 1 1 1 1 2 2 2 2 2 1 1 1 1 1 1 0 
0 0 0 0 0 0 0 1 1 1 1 2 1 1 1 1 1 1 1 1 1 1 0 0 0 0 0 0 
0 0 0 0 0 0 0 1 2 2 2 2 2 2 1 0 0 0 0 0 0 0 0 0 0 0 0 0 
0 0 0 0 0 0 0 1 2 2 2 2 2 2 1 0 0 0 0 0 0 0 0 0 0 0 0 0 
0 0 0 0 0 0 0 1 1 5 1 1 1 1 1 0 0 0 0 0 0 0 0 0 0 0 0 0 
0 0 0 0 0 0 0 1 1 2 1 1 0 0 0 0 0 0 0 0 0 0 0 0 0 0 0 0 
0 0 0 0 0 0 0 1 2 2 2 1 0 0 0 0 0 0 0 0 0 0 0 0 0 0 0 0 
0 0 0 0 0 0 0 1 2 2 2 5 4 4 4 0 0 0 0 0 0 0 0 0 0 0 0 0 
0 0 0 0 0 0 0 1 2 2 2 1 0 0 0 0 0 0 0 0 0 0 0 0 0 0 0 0 
0 0 0 0 0 0 0 1 1 1 1 1 0 0 0 0 0 0 0 0 0 0 0 0 0 0 0 0 
0 0 0 0 0 0 0 0 0 0 0 0 0 0 0 0 0 0 0 0 0 0 0 0 0 0 0 0 
0 0 0 0 0 0 0 0 0 0 0 0 0 0 0 0 0 0 0 0 0 0 0 0 0 0 0 0 

16 6 10
25 6 8
8 12 14
13 12 16
9 15 5
8 19 6
